1756223352354 0.6708701252937317 0
1756223475978 0.8114181160926819 1
1756223593046 0.8506247997283936 2
1756223744749 0.8580763339996338 3
1756223893616 0.8665596842765808 4
1756224074411 0.8679353594779968 5
1756224356385 0.8711452484130859 6
1756224641487 0.877335786819458 7
1756224877685 0.8847873210906982 8
1756225139183 0.8879972696304321 9
1756225260559 0.8822652697563171 10
1756225391572 0.8915510773658752 11
1756225514609 0.8899461030960083 12
1756225639929 0.8910925388336182 13
1756225762092 0.8973976969718933 14
1756225879447 0.8926974534988403 15
1756226007180 0.8987733721733093 16
1756226138959 0.8946463465690613 17
1756226273568 0.8963659405708313 18
1756226416050 0.9015247225761414 19
1756226545433 0.8980855345726013 20
1756226687202 0.8969390988349915 21
1756226828904 0.8998051285743713 22
1756226963079 0.8976269364356995 23
1756227095924 0.8980855345726013 24
1756227232191 0.9014100432395935 25
1756227364388 0.8982001543045044 26
1756227494728 0.8979708552360535 27
1756227628621 0.8969390988349915 28
1756227757231 0.9027857184410095 29
1756227891825 0.9023271799087524 30
1756228021585 0.8994612097740173 31
1756228153205 0.9074859619140625 32
1756228280022 0.8982001543045044 33
1756228413468 0.9030150175094604 34
1756228506064 0.9025564789772034 35
1756228619766 0.9039321541786194 36
1756228714510 0.9015247225761414 37
1756228807682 0.9039321541786194 38
1756228898073 0.9014100432395935 39
1756228989138 0.9069127440452576 40
1756229083888 0.9011808037757874 41
1756229179417 0.9042760729789734 42
1756229267781 0.9009515047073364 43
1756229356543 0.9033589363098145 44
1756229445528 0.8986586928367615 45
1756229535325 0.9043906927108765 46
1756229624395 0.8992319107055664 47
1756229711765 0.9033589363098145 48
1756229799053 0.8996904492378235 49
