1756223352354 2.02278995513916 0
1756223475978 1.537587285041809 1
1756223593046 1.3858025074005127 2
1756223744749 1.3009065389633179 3
1756223893616 1.2117115259170532 4
1756224074411 1.1390913724899292 5
1756224356385 1.0770294666290283 6
1756224641487 0.9993149638175964 7
1756224877685 0.934593677520752 8
1756225139183 0.8689430952072144 9
1756225260559 0.8444933891296387 10
1756225391572 0.7877594232559204 11
1756225514609 0.7575817704200745 12
1756225639929 0.7176984548568726 13
1756225762092 0.6918771862983704 14
1756225879447 0.6636962890625 15
1756226007180 0.6371940970420837 16
1756226138959 0.620978057384491 17
1756226273568 0.6059258580207825 18
1756226416050 0.5789352059364319 19
1756226545433 0.5776593685150146 20
1756226687202 0.5740898251533508 21
1756226828904 0.5604123473167419 22
1756226963079 0.5629122257232666 23
1756227095924 0.5588733553886414 24
1756227232191 0.5452509522438049 25
1756227364388 0.5485645532608032 26
1756227494728 0.5437188744544983 27
1756227628621 0.5473108887672424 28
1756227757231 0.5313978791236877 29
1756227891825 0.5245237946510315 30
1756228021585 0.5336995124816895 31
1756228153205 0.5167809724807739 32
1756228280022 0.5321592092514038 33
1756228413468 0.5235271453857422 34
1756228506064 0.5252484679222107 35
1756228619766 0.5103743672370911 36
1756228714510 0.5186025500297546 37
1756228807682 0.5161731243133545 38
1756228898073 0.5193256139755249 39
1756228989138 0.5093398094177246 40
1756229083888 0.514166533946991 41
1756229179417 0.5079585313796997 42
1756229267781 0.5188376903533936 43
1756229356543 0.5115724205970764 44
1756229445528 0.5194764733314514 45
1756229535325 0.5089616179466248 46
1756229624395 0.5102701783180237 47
1756229711765 0.5118696093559265 48
1756229799053 0.5207355618476868 49
