1756223352354 0.0005000000237487257 0
1756223475978 0.0005000000237487257 1
1756223593046 0.0005000000237487257 2
1756223744749 0.0005000000237487257 3
1756223893616 0.0005000000237487257 4
1756224074411 0.0005000000237487257 5
1756224356385 0.0005000000237487257 6
1756224641487 0.0005000000237487257 7
1756224877685 0.0005000000237487257 8
1756225139183 0.0005000000237487257 9
1756225260559 0.0005000000237487257 10
1756225391572 0.0005000000237487257 11
1756225514609 0.0005000000237487257 12
1756225639929 0.0005000000237487257 13
1756225762092 0.0005000000237487257 14
1756225879447 0.0005000000237487257 15
1756226007180 0.0005000000237487257 16
1756226138959 0.0005000000237487257 17
1756226273568 0.0005000000237487257 18
1756226416050 0.0005000000237487257 19
1756226545433 0.0005000000237487257 20
1756226687202 0.0005000000237487257 21
1756226828904 0.0005000000237487257 22
1756226963079 0.0005000000237487257 23
1756227095924 0.0005000000237487257 24
1756227232191 0.0005000000237487257 25
1756227364388 0.0005000000237487257 26
1756227494728 0.0005000000237487257 27
1756227628621 0.0005000000237487257 28
1756227757231 0.0005000000237487257 29
1756227891825 0.0005000000237487257 30
1756228021585 0.0005000000237487257 31
1756228153205 0.0005000000237487257 32
1756228280022 0.0005000000237487257 33
1756228413468 0.0005000000237487257 34
1756228506064 0.0005000000237487257 35
1756228619766 0.0005000000237487257 36
1756228714510 0.0005000000237487257 37
1756228807682 0.0005000000237487257 38
1756228898073 0.0005000000237487257 39
1756228989138 0.0005000000237487257 40
1756229083888 0.0005000000237487257 41
1756229179417 0.0005000000237487257 42
1756229267781 0.0005000000237487257 43
1756229356543 0.0005000000237487257 44
1756229445528 0.0005000000237487257 45
1756229535325 0.0005000000237487257 46
1756229624395 0.0005000000237487257 47
1756229711765 0.0005000000237487257 48
1756229799053 0.0005000000237487257 49
